              precision    recall  f1-score   support

         mel     0.5462    0.6339    0.5868       112
          nv     0.9248    0.8824    0.9031       655
         bcc     0.6034    0.7955    0.6863        44
       akiec     0.6842    0.6341    0.6582        41
         bkl     0.6460    0.6460    0.6460       113
          df     0.3750    0.3333    0.3529         9
        vasc     0.7059    0.8000    0.7500        15

    accuracy                         0.8069       989
   macro avg     0.6408    0.6750    0.6548       989
weighted avg     0.8175    0.8069    0.8108       989
