              precision    recall  f1-score   support

       akiec     0.4965    0.6250    0.5534       112
         bcc     0.9271    0.8733    0.8994       655
         bkl     0.6610    0.8864    0.7573        44
          df     0.6545    0.8780    0.7500        41
         mel     0.7526    0.6460    0.6952       113
          nv     0.6667    0.4444    0.5333         9
        vasc     0.8571    0.8000    0.8276        15

    accuracy                         0.8150       989
   macro avg     0.7165    0.7362    0.7166       989
weighted avg     0.8318    0.8150    0.8199       989
